min_d = 1403
1472
1473
1475
1477
1479
1482
1486
1487
1487
1488
1490
1490
1490
1493
1493
1493
1497
1498
1499
1453
1453
1454
1454
1457
1459
1459
1461
1462
1463
1464
1464
1446
1447
1442
1443
1444
1444
1445
1446
1446
1448
1449
1449
1450
1451
1451
1453
1453
1453
1455
1458
1459
1460
1461
1462
1433
1435
1435
1435
1435
1438
1439
1441
1441
1444
1446
1449
1450
1450
1451
1451
1452
1454
1456
1456
1457
1459
1463
1465
1465
1466
1451
1451
1452
1453
1453
1453
1454
1456
1458
1459
1459
1460
1461
1462
1462
1463
1463
1463
1463
1464
1465
1424
1426
1428
1428
1433
1433
1435
1437
1437
1439
1439
1440
1440
1441
1443
1444
1445
1445
1445
1450
1453
1453
1455
1463
1463
1464
1465
1465
1466
1466
1466
1468
1471
1471
1473
1473
1476
1465
1466
1467
1467
1467
1470
1471
1444
1444
1445
1436
1436
1437
1444
1447
1449
1450
1447
1449
1450
1453
1454
1458
1459
1460
1461
1461
1461
1464
1464
1466
1468
1468
1469
1470
1458
1458
1460
1461
1463
1464
1466
1468
1469
1471
1472
1473
1433
1434
1435
1436
1437
1438
1436
1436
1439
1439
1440
1441
1447
1448
1450
1452
1454
1455
1455
1457
1458
1458
1460
1464
1464
1459
1459
1461
1462
1463
1464
1465
1465
1470
1471
1471
1471
1472
1473
1475
1476
1456
1457
1457
1459
1462
1464
1464
1465
1466
1467
1443
1445
1445
1426
1426
1428
1428
1430
1430
1432
1434
1435
1437
1437
1444
1444
1445
1447
1447
1448
1449
1450
1451
1451
1452
1453
1461
1463
1450
1451
1453
1453
1456
1458
1458
1460
1463
1463
1463
1463
1470
1471
1473
1473
1477
1477
1449
1450
1453
1456
1457
1418
1419
1420
1421
1422
1422
1423
1424
1427
1427
1429
1429
1430
1431
1433
1436
1437
1438
1439
1441
1442
1445
1446
1450
1452
1433
1434
1437
1437
1438
1438
1440
1440
1444
1445
1445
1446
1447
1447
1447
1447
1448
1448
1448
1448
1449
1451
1454
1455
1456
1457
1460
1460
1462
1462
1464
1465
1467
1468
1469
1470
1471
1472
1443
1444
1445
1447
1449
1449
1453
1454
1455
1458
1458
1459
1461
1464
1465
1466
1467
1467
1473
1473
1475
1476
1477
1478
1478
1479
1479
1480
1481
1481
1483
1484
1487
1487
1488
1489
1490
1490
1491
1473
1474
1475
1478
1479
1480
1480
1483
1486
1486
1486
1487
1487
1488
1490
1492
1493
1493
1469
1470
1474
1475
1476
1477
1477
1477
1478
1479
1482
1482
1483
1484
1484
1485
1485
1487
1489
1447
1447
1449
1449
1455
1458
1459
1459
1461
1461
1462
1462
1465
1466
1467
1468
1468
1468
1468
1468
1469
1470
1472
1472
1473
1473
1474
1475
1476
1476
1477
1477
1479
1480
1480
1481
1482
1484
1484
1485
1486
1488
1477
1479
1480
1480
1480
1480
1481
1481
1481
1482
1470
1471
1473
1473
1475
1475
1476
1479
1479
1482
1483
1484
1484
1484
1485
1485
1485
1477
1458
1461
1465
1467
1456
1457
1458
1459
1460
1460
1460
1461
1464
1467
1468
1465
1465
1466
1467
1467
1470
1470
1471
1471
1471
1472
1473
1474
1474
1474
1475
1475
1477
1478
1479
1479
1480
1468
1469
1471
1473
1475
1475
1478
1465
1470
1471
1471
1472
1473
1475
1476
1476
1477
1477
1478
1480
1481
1482
1483
1483
1484
1484
1486
1490
1465
1466
1449
1450
1454
1454
1454
1457
1459
1459
1460
1462
1464
1465
1466
1467
1471
1471
1472
1473
1474
1475
1475
1475
1477
1482
1483
1484
1485
1487
1489
1490
1490
1492
1493
1494
1494
1496
1497
1497
1498
1454
1455
1457
1457
1458
1458
1459
1460
1461
1466
1468
1468
1469
1469
1470
1475
1475
1477
1477
1477
1478
1479
1481
1482
1482
1482
1484
1489
1477
1480
1481
1481
1481
1481
1482
1468
1469
1474
1451
1451
1452
1452
1453
1454
1458
1458
1460
1461
1461
1464
1464
1450
1451
1451
1458
1460
1462
1463
1464
1465
1467
1468
1469
1470
1470
1471
1477
1479
1479
1479
1480
1480
1483
1487
1491
1492
1492
1493
1494
1495
1495
1464
1464
1466
1466
1466
1469
1470
1470
1471
1474
1475
1475
1476
1476
1478
1479
1481
1481
1482
1483
1483
1490
1491
1491
1481
1482
1482
1483
1483
1484
1472
1472
1475
1476
1477
1477
1479
1481
1481
1481
1481
1483
1483
1484
1485
1486
1486
1490
1490
1490
1491
1491
1493
1475
1477
1478
1478
1479
1481
1483
1484
1484
1467
1467
1470
1471
1472
1475
1475
1478
1479
1480
1480
1483
1485
1486
1487
1487
1491
1492
1494
1495
1495
1497
1498
1476
1477
1478
1478
1480
1480
1481
1481
1481
1485
1485
1485
1487
1491
1493
1495
1495
1497
1470
1471
1472
1475
1476
1476
1477
1472
1473
1476
1477
1479
1480
1481
1484
1485
1485
1489
1489
1490
1493
1494
1495
1498
1499
1499
1500
1488
1490
1457
1457
1460
1461
1461
1461
1461
1462
1464
1464
1464
1468
1468
1471
1471
1471
1473
1448
1448
1451
1452
1452
1453
1454
1455
1457
1458
1462
1464
1465
1466
1466
1467
1467
1469
1470
1470
1473
1474
1477
1479
1480
1480
1482
1482
1482
1482
1483
1483
1484
1485
1486
1440
1440
1446
1447
1448
1448
1448
1450
1451
1451
1452
1452
1454
1455
1455
1455
1459
1463
1465
1465
1469
1469
1470
1470
1470
1472
1475
1477
1478
1479
1480
1481
1481
1483
1484
1485
1485
1486
1486
1489
1490
1491
1492
1434
1437
1438
1440
1441
1442
1443
1444
1444
1448
1449
1449
1449
1460
1460
1462
1462
1463
1464
1466
1467
1468
1470
1471
1472
1472
1473
1473
1474
1476
1480
1448
1452
1452
1454
1455
1458
1458
1460
1462
1462
1462
1462
1464
1465
1465
1465
1465
1466
1466
1471
1473
1474
1476
1477
1477
1478
1478
1478
1481
1481
1483
1483
1483
1484
1484
1486
1487
1488
1491
1491
1492
1492
1447
1450
1451
1451
1452
1454
1455
1455
1457
1458
1459
1460
1462
1463
1463
1464
1468
1469
1470
1470
1471
1472
1473
1476
1477
1479
1479
1479
1481
1481
1481
1481
1482
1483
1483
1484
1477
1479
1480
1482
1484
1484
1487
1478
1481
1482
1484
1488
1488
1489
1490
1490
1491
1492
1492
1493
1493
1440
1440
1441
1443
1444
1444
1445
1446
1447
1447
1451
1452
1438
1438
1439
1439
1440
1441
1442
1445
1445
1447
1448
1451
1451
1451
1452
1452
1453
1454
1456
1458
1459
1460
1462
1463
1463
1463
1465
1465
1467
1468
1469
1469
1475
1476
1476
1477
1478
1481
1483
1484
1485
1485
1486
1486
1489
1490
1491
1493
1474
1474
1475
1476
1481
1482
1482
1486
1488
1489
1490
1492
1463
1464
1464
1465
1442
1442
1443
1444
1445
1445
1451
1452
1458
1459
1461
1463
1463
1465
1465
1468
1469
1469
1473
1477
1479
1479
1481
1482
1484
1485
1485
1485
1491
1491
1493
1495
1496
1498
1439
1439
1441
1441
1442
1443
1443
1447
1447
1447
1449
1451
1453
1454
1456
1456
1458
1458
1465
1466
1466
1468
1468
1471
1471
1471
1473
1473
1474
1475
1475
1476
1478
1478
1478
1478
1478
1480
1481
1481
1483
1484
1486
1487
1487
1488
1490
1491
1491
1491
1492
1493
1493
1494
1494
1494
1495
1468
1469
1469
1470
1471
1473
1474
1477
1478
1478
1479
1481
1481
1483
1485
1486
1487
1489
1492
1494
1495
1495
1495
1498
1499
1499
1441
1444
1435
1435
1436
1436
1438
1438
1439
1439
1442
1442
1443
1443
1444
1444
1446
1447
1448
1448
1449
1449
1449
1449
1450
1451
1452
1452
1453
1455
1457
1461
1462
1465
1466
1449
1450
1452
1453
1456
1457
1458
1458
1460
1460
1466
1466
1467
1467
1467
1467
1430
1436
1436
1437
1438
1439
1441
1444
1444
1446
1447
1448
1451
1451
1453
1453
1455
1456
1461
1462
1455
1450
1451
1452
1453
1454
1454
1454
1456
1457
1458
1459
1461
1461
1462
1462
1467
1468
1469
1469
1470
1470
1473
1474
1474
1474
1478
1478
1470
1470
1471
1471
1434
1437
1437
1438
1439
1439
1440
1440
1443
1445
1448
1450
1450
1450
1452
1452
1452
1452
1452
1456
1459
1464
1465
1466
1466
1466
1467
1463
1463
1464
1466
1468
1470
1455
1455
1456
1456
1457
1457
1458
1463
1465
1466
1468
1469
1470
1471
1472
1473
1451
1438
1440
1440
1441
1444
1446
1447
1447
1451
1451
1451
1452
1453
1454
1456
1457
1457
1457
1461
1461
1462
1463
1464
1465
1466
1455
1459
1461
1461
1462
1464
1464
1465
1465
1465
1465
1466
1467
1470
1470
1466
1468
1468
1473
1474
1475
1476
1463
1463
1464
1464
1466
1466
1466
1467
1469
1430
1431
1431
1434
1435
1436
1437
1438
1439
1443
1443
1446
1447
1449
1449
1452
1453
1456
1456
1461
1462
1464
1436
1437
1439
1443
1447
1447
1448
1449
1450
1451
1451
1453
1454
1457
1458
1458
1459
1460
1460
1462
1463
1466
1467
1467
1468
1468
1469
1474
1476
1477
1477
1478
1435
1436
1437
1438
1439
1441
1442
1445
1446
1448
1449
1449
1450
1451
1423
1425
1425
1426
1429
1430
1431
1433
1433
1434
1437
1438
1440
1444
1444
1446
1448
1448
1449
1450
1450
1451
1453
1453
1442
1446
1448
1448
1449
1449
1450
1454
1455
1455
1455
1456
1456
1458
1458
1463
1464
1464
1466
1466
1468
1468
1470
1471
1437
1437
1438
1440
1441
1441
1442
1444
1445
1446
1447
1447
1448
1449
1453
1455
1456
1457
1458
1459
1465
1467
1455
1456
1456
1458
1458
1458
1460
1461
1466
1467
1468
1469
1470
1471
1471
1473
1473
1481
1481
1482
1483
1485
1485
1487
1489
1470
1470
1472
1475
1476
1476
1477
1478
1479
1479
1479
1481
1482
1483
1485
1486
1487
1489
1490
1491
1492
1493
1493
1494
1472
1472
1476
1477
1479
1479
1481
1484
1485
1487
1488
1446
1446
1447
1456
1456
1457
1457
1458
1459
1459
1461
1461
1462
1462
1463
1463
1465
1465
1465
1467
1470
1471
1471
1471
1471
1471
1471
1472
1475
1477
1478
1479
1480
1480
1480
1481
1482
1484
1485
1486
1487
1487
1488
1488
1489
1490
1490
1491
1471
1474
1477
1477
1478
1478
1479
1483
1484
1484
1485
1485
1485
1463
1465
1466
1467
1467
1467
1468
1468
1468
1469
1462
1463
1468
1460
1461
1462
1463
1465
1466
1467
1469
1473
1473
1474
1468
1470
1471
1471
1472
1473
1478
1479
1455
1458
1460
1462
1463
1463
1463
1463
1464
1464
1466
1466
1467
1467
1469
1472
1472
1473
1474
1475
1478
1478
1480
1482
1484
1485
1485
1486
1487
1490
1453
1454
1456
1458
1460
1460
1462
1465
1465
1466
1453
1458
1460
1461
1462
1465
1468
1469
1470
1471
1471
1471
1468
1469
1469
1470
1471
1472
1473
1475
1476
1476
1477
1477
1480
1480
1481
1486
1487
1488
1488
1489
1492
1493
1493
1493
1494
1495
1465
1465
1466
1466
1469
1470
1473
1475
1480
1481
1481
1481
1482
1483
1483
1485
1485
1485
1486
1486
1487
1487
1488
1461
1462
1463
1465
1467
1467
1426
1427
1427
1431
1433
1433
1436
1438
1443
1443
1444
1446
1447
1447
1449
1451
1452
1453
1453
1455
1459
1460
1466
1469
1471
1471
1472
1474
1474
1475
1476
1476
1477
1477
1478
1480
1480
1481
1476
1476
1479
1482
1484
1485
1486
1486
1488
1491
1491
1491
1493
1494
1496
1496
1476
1477
1478
1479
1480
1483
1476
1480
1480
1481
1482
1484
1487
1487
1487
1489
1490
1490
1486
1487
1487
1464
1466
1466
1467
1467
1468
1472
1474
1475
1477
1477
1478
1478
1479
1480
1481
1481
1484
1484
1485
1486
1486
1487
1488
1490
1491
1491
1493
1494
1495
1484
1485
1485
1485
1486
1462
1463
1468
1469
1470
1470
1471
1474
1474
1475
1477
1470
1471
1472
1472
1473
1474
1478
1478
1479
1480
1481
1483
1484
1484
1486
1487
1488
1490
1490
1492
1492
1493
1493
1493
1493
1496
1497
1499
1499
1475
1475
1477
1480
1481
1481
1482
1483
1484
1484
1487
1488
1492
1492
1493
1493
1493
1495
1495
1495
1496
1499
1472
1472
1475
1476
1470
1471
1472
1473
1478
1478
1478
1479
1482
1486
1486
1486
1487
1486
1488
1492
1492
1493
1494
1495
1496
1498
1498
1499
1441
1442
1442
1443
1444
1444
1444
1445
1447
1448
1449
1449
1451
1454
1454
1457
1458
1459
1460
1461
1461
1464
1464
1464
1465
1465
1470
1471
1472
1475
1476
1479
1480
1480
1482
1483
1484
1485
1485
1486
1442
1442
1448
1449
1450
1450
1452
1452
1446
1451
1456
1456
1457
1459
1460
1462
1463
1466
1467
1468
1470
1471
1472
1473
1473
1474
1474
1477
1481
1481
1483
1483
1484
1484
1489
1490
1447
1447
1449
1449
1450
1450
1450
1451
1452
1453
1455
1456
1457
1462
1462
1463
1464
1465
1467
1468
1469
1470
1474
1475
1477
1478
1478
1480
1480
1433
1435
1435
1435
1438
1445
1445
1445
1445
1446
1446
1447
1447
1447
1452
1453
1454
1454
1457
1458
1459
1464
1464
1465
1466
1468
1469
1472
1473
1473
1475
1475
1476
1476
1476
1477
1479
1479
1481
1482
1483
1486
1486
1488
1489
1490
1490
1492
1494
1457
1459
1460
1466
1466
1469
1474
1475
1476
1476
1476
1478
1478
1481
1481
1481
1482
1482
1482
1482
1482
1483
1483
1484
1485
1474
1475
1476
1477
1477
1477
1478
1478
1478
1481
1483
1484
1484
1485
1486
1486
1487
1487
1488
1488
1470
1472
1472
1473
1474
1475
1476
1476
1477
1477
1480
1482
1483
1483
1485
1485
1488
1489
1491
1495
1433
1433
1434
1434
1435
1436
1437
1439
1442
1442
1446
1449
1450
1451
1451
1452
1455
1457
1458
1451
1451
1453
1453
1454
1455
1456
1457
1457
1458
1459
1459
1459
1462
1462
1463
1465
1465
1466
1467
1468
1469
1470
1471
1473
1473
1475
1476
1477
1479
1480
1480
1482
1482
1486
1487
1490
1491
1491
1492
1492
1493
1475
1478
1478
1480
1481
1482
1483
1484
1485
1486
1486
1487
1489
1489
1490
1490
1491
1491
1492
1492
1448
1448
1449
1450
1451
1437
1439
1440
1441
1442
1442
1442
1446
1447
1447
1448
1451
1452
1455
1455
1457
1460
1460
1462
1464
1467
1469
1470
1474
1475
1476
1476
1478
1479
1482
1485
1488
1488
1490
1490
1490
1492
1494
1495
1497
1497
1498
1444
1445
1446
1446
1447
1447
1442
1444
1445
1445
1449
1450
1451
1452
1454
1456
1458
1460
1462
1462
1466
1467
1468
1470
1471
1473
1474
1474
1474
1476
1476
1480
1480
1480
1480
1481
1481
1482
1483
1485
1485
1486
1487
1489
1490
1491
1491
1493
1494
1494
1495
1464
1464
1465
1465
1468
1469
1469
1471
1473
1475
1476
1480
1485
1491
1492
1493
1495
1495
1498
1499
1500
1464
1465
1466
1466
1466
1447
1447
1447
1453
1453
1455
1456
1458
1461
1463
1463
1465
1436
1436
1440
1442
1443
1444
1445
1451
1452
1453
1453
1454
1455
1457
1459
1459
1460
1462
1462
1463
1452
1453
1445
1446
1435
1435
1437
1437
1437
1437
1438
1439
1442
1443
1448
1449
1449
1451
1452
1452
1453
1455
1457
1458
1458
1461
1463
1467
1467
1467
1469
1471
1474
1475
1475
1476
1476
1477
1441
1442
1444
1446
1448
1451
1452
1452
1453
1454
1456
1462
1462
1462
1463
1464
1465
1467
1460
1464
1465
1469
1469
1470
1452
1455
1458
1459
1460
1461
1461
1463
1463
1464
1443
1444
1444
1445
1446
1448
1448
1449
1450
1451
1453
1453
1454
1457
1459
1459
1462
1462
1463
1464
1464
1458
1459
1462
1463
1466
1460
1461
1462
1463
1464
1465
1468
1468
1460
1460
1460
1463
1464
1466
1466
1466
1467
1468
1469
1469
1470
1470
1471
1472
1472
1472
1473
1476
1477
1436
1438
1439
1440
1444
1446
1448
1448
1449
1449
1451
1452
1454
1455
1455
1456
1459
1461
1463
1463
1433
1433
1436
1439
1440
1441
1442
1444
1445
1446
1446
1448
1448
1449
1450
1451
1452
1453
1455
1447
1447
1450
1453
1453
1455
1455
1457
1457
1457
1460
1462
1463
1464
1466
1468
1469
1470
1471
1471
1473
1473
1473
1475
1476
1476
1476
1477
1431
1431
1433
1433
1434
1434
1434
1434
1434
1436
1436
1438
1438
1439
1439
1441
1441
1442
1444
1445
1445
1448
1450
1450
1422
1425
1427
1429
1430
1432
1434
1435
1435
1436
1436
1440
1444
1447
1448
1449
1451
1452
1453
1453
1454
1455
1457
1460
1463
1464
1466
1467
1468
1470
1471
1443
1444
1444
1446
1449
1452
1453
1454
1455
1457
1459
1460
1460
1465
1467
1467
1437
1438
1439
1440
1442
1442
1442
1444
1444
1446
1447
1449
1451
1453
1454
1449
1450
1451
1453
1456
1458
1458
1460
1460
1461
1461
1462
1465
1465
1466
1466
1467
1467
1468
1468
1469
1469
1470
1470
1471
1472
1475
1477
1477
1480
1484
1485
1490
1467
1467
1468
1471
1471
1472
1475
1475
1476
1476
1477
1477
1477
1478
1479
1481
1484
1487
1488
1488
1488
1490
1490
1491
1491
1491
1475
1476
1476
1478
1479
1480
1480
1480
1483
1483
1484
1485
1485
1485
1486
1488
1489
1489
1450
1450
1450
1452
1452
1452
1452
1459
1459
1459
1462
1462
1463
1464
1466
1469
1469
1470
1470
1471
1472
1475
1476
1477
1478
1478
1480
1482
1477
1478
1479
1480
1480
1480
1481
1483
1483
1484
1485
1486
1487
1487
1489
1490
1491
1491
1477
1477
1478
1478
1480
1480
1484
1485
1454
1454
1456
1457
1457
1457
1458
1459
1460
1462
1463
1470
1470
1471
1471
1472
1472
1472
1473
1474
1475
1475
1468
1470
1471
1471
1472
1473
1473
1473
1474
1474
1475
1466
1466
1467
1446
1447
1448
1448
1452
1452
1455
1457
1458
1459
1459
1462
1463
1464
1465
1466
1468
1469
1471
1472
1472
1472
1473
1473
1474
1475
1479
1480
1480
1482
1486
1487
1488
1489
1459
1459
1461
1462
1464
1464
1464
1465
1466
1450
1450
1450
1454
1455
1455
1456
1457
1457
1459
1460
1450
1450
1453
1456
1457
1458
1459
1460
1461
1462
1466
1466
1466
1466
1467
1467
1467
1468
1470
1477
1478
1478
1478
1480
1481
1482
1482
1484
1485
1487
1487
1494
1497
1498
1499
1478
1478
1479
1479
1480
1480
1481
1480
1481
1485
1486
1487
1489
1432
1433
1434
1435
1430
1436
1436
1438
1440
1441
1442
1442
1444
1445
1449
1452
1452
1453
1455
1456
1457
1461
1462
1465
1468
1469
1471
1472
1474
1474
1476
1477
1478
1478
1479
1460
1460
1463
1463
1463
1464
1464
1466
1466
1467
1468
1468
1470
1470
1472
1473
1474
1475
1477
1477
1478
1479
1480
1480
1483
1483
1484
1484
1487
1489
1492
1493
1493
1494
1494
1496
1497
1474
1474
1475
1477
1475
1476
1477
1480
1482
1483
1485
1487
1487
1488
1488
1490
1490
1492
1492
1460
1461
1462
1463
1463
1464
1464
1465
1465
1466
1469
1472
1473
1475
1475
1475
1475
1477
1478
1482
1485
1488
1488
1488
1490
1491
1493
1494
1477
1477
1477
1449
1450
1453
1454
1454
1456
1459
1460
1460
1462
1462
1463
1463
1463
1464
1466
1466
1471
1472
1475
1478
1480
1480
1480
1482
1485
1486
1487
1487
1487
1487
1489
1489
1489
1489
1490
1491
1493
1494
1496
1497
1497
1498
1498
1499
1499
1474
1475
1476
1476
1478
1479
1480
1480
1480
1481
1484
1484
1485
1485
1486
1489
1491
1491
1494
1495
1496
1497
1497
1479
1481
1481
1482
1483
1484
1485
1486
1481
1482
1482
1484
1484
1488
1488
1482
1485
1485
1488
1488
1488
1489
1489
1490
1492
1494
1497
1500
1500
1453
1458
1460
1461
1462
1462
1463
1464
1465
1469
1469
1470
1471
1471
1472
1473
1474
1475
1476
1477
1477
1480
1483
1484
1485
1485
1485
1486
1487
1487
1430
1430
1433
1436
1437
1438
1438
1439
1440
1441
1441
1441
1443
1445
1445
1445
1446
1448
1449
1452
1452
1453
1455
1455
1457
1458
1458
1459
1459
1461
1461
1466
1466
1467
1469
1470
1472
1472
1473
1473
1474
1476
1478
1480
1481
1481
1482
1484
1486
1486
1487
1490
1490
1491
1492
1492
1460
1465
1466
1466
1468
1470
1470
1470
1474
1476
1476
1479
1418
1418
1419
1424
1426
1426
1427
1428
1429
1430
1430
1431
1431
1432
1433
1433
1437
1437
1437
1437
1438
1439
1440
1444
1444
1444
1444
1445
1446
1448
1449
1449
1450
1452
1455
1457
1458
1459
1461
1461
1463
1464
1467
1468
1468
1470
1472
1473
1473
1475
1476
1476
1477
1481
1482
1483
1485
1485
1488
1489
1494
1494
1467
1470
1470
1472
1474
1475
1475
1476
1478
1479
1480
1480
1481
1481
1481
1482
1483
1471
1471
1474
1476
1477
1478
1479
1480
1481
1485
1488
1462
1463
1465
1465
1466
1467
1473
1482
1484
1485
1485
1486
1488
1488
1490
1491
1495
1446
1446
1447
1447
1448
1449
1451
1452
1455
1461
1462
1452
1453
1453
1454
1454
1455
1456
1459
1459
1461
1462
1463
1464
1457
1462
1466
1466
1466
1467
1470
1471
1472
1472
1472
1472
1475
1475
1475
1477
1477
1479
1479
1481
1482
1484
1484
1484
1485
1486
1486
1488
1491
1492
1476
1476
1477
1478
1481
1482
1483
1483
1483
1483
1483
1484
1488
1488
1490
1442
1447
1452
1454
1455
1457
1458
1460
1448
1448
1451
1452
1452
1455
1456
1459
1459
1459
1461
1461
1462
1463
1463
1467
1469
1470
1473
1475
1476
1477
1478
1480
1482
1482
1485
1487
1488
1488
1488
1488
1491
1491
1491
1491
1492
1492
1493
1493
1495
1495
1497
1463
1465
1446
1447
1448
1449
1450
1453
1453
1456
1458
1458
1460
1460
1460
1461
1463
1463
1466
1467
1468
1469
1473
1473
1474
1474
1477
1478
1483
1485
1487
1492
1494
1495
1495
1460
1461
1461
1461
1463
1465
1466
1467
1467
1467
1470
1470
1470
1472
1473
1474
1474
1476
1476
1478
1479
1482
1484
1487
1488
1489
1489
1489
1493
1493
1493
1494
1497
1500
1500
1452
1454
1453
1454
1461
1462
1444
1445
1446
1450
1450
1451
1451
1437
1438
1446
1447
1447
1447
1439
1442
1443
1444
1444
1445
1445
1446
1447
1447
1449
1450
1452
1454
1456
1458
1458
1460
1461
1461
1462
1462
1463
1464
1468
1469
1470
1470
1471
1471
1471
1471
1472
1473
1473
1471
1476
1476
1476
1451
1452
1454
1455
1456
1457
1459
1459
1460
1463
1463
1464
1466
1466
1466
1467
1467
1457
1457
1458
1461
1463
1464
1468
1468
1468
1470
1471
1449
1449
1451
1451
1453
1454
1456
1458
1459
1459
1459
1462
1462
1464
1465
1465
1467
1468
1470
1471
1474
1450
1453
1454
1455
1457
1458
1459
1459
1460
1460
1461
1461
1463
1465
1465
1465
1465
1465
1466
1466
1461
1462
1462
1462
1460
1464
1455
1455
1457
1459
1459
1463
1463
1464
1466
1467
1468
1469
1469
1470
1454
1456
1456
1457
1459
1459
1461
1461
1462
1462
1462
1463
1463
1468
1469
1470
1472
1475
1475
1476
1449
1449
1451
1452
1454
1455
1457
1459
1459
1459
1460
1461
1461
1462
1463
1439
1439
1443
1443
1445
1446
1449
1451
1451
1452
1457
1458
1458
1436
1438
1441
1441
1442
1443
1443
1443
1445
1445
1447
1447
1450
1451
1443
1443
1447
1449
1449
1451
1451
1454
1454
1455
1455
1456
1457
1458
1458
1459
1460
1460
1460
1464
1466
1467
1467
1467
1467
1468
1468
1469
1469
1471
1471
1473
1474
1475
1405
1409
1410
1411
1413
1416
1416
1417
1418
1418
1420
1420
1421
1422
1423
1424
1425
1425
1426
1427
1428
1430
1431
1433
1433
1439
1447
1449
1449
1450
1450
1451
1453
1453
1457
1458
1459
1461
1461
1461
1463
1464
1465
1466
1466
1467
1467
1467
1469
1470
1470
1471
1471
1473
1456
1450
1454
1459
1460
1462
1465
1465
1467
1449
1451
1451
1454
1454
1455
1413
1415
1415
1417
1418
1420
1420
1421
1422
1423
1424
1427
1428
1430
1431
1432
1433
1433
1433
1434
1434
1435
1438
1440
1440
1441
1441
1443
1445
1445
1448
1454
1459
1460
1464
1464
1464
1464
1465
1470
1470
1474
1476
1477
1480
1480
1480
1481
1483
1483
1483
1485
1485
1486
1487
1488
1489
1490
1490
1464
1465
1466
1466
1467
1467
1467
1467
1468
1470
1471
1472
1472
1472
1472
1473
1474
1478
1480
1482
1484
1486
1487
1488
1490
1490
1490
1491
1491
1478
1480
1480
1481
1481
1484
1484
1486
1487
1487
1488
1488
1489
1490
1461
1461
1461
1462
1462
1462
1464
1465
1466
1468
1471
1474
1475
1475
1475
1476
1479
1482
1482
1482
1476
1476
1468
1469
1470
1471
1472
1474
1477
1478
1481
1481
1482
1482
1487
1488
1489
1491
1483
1484
1484
1485
1485
1460
1462
1465
1466
1467
1467
1468
1469
1469
1470
1472
1473
1474
1474
1479
1479
1480
1468
1468
1468
1469
1472
1474
1476
1480
1480
1446
1447
1448
1450
1452
1452
1453
1454
1455
1455
1455
1455
1456
1458
1459
1459
1461
1461
1461
1463
1464
1464
1465
1455
1455
1456
1456
1458
1460
1460
1463
1464
1464
1465
1466
1470
1470
1471
1472
1473
1473
1474
1474
1475
1475
1477
1478
1478
1479
1481
1483
1484
1485
1485
1488
1490
1423
1426
1429
1430
1430
1433
1434
1435
1435
1437
1438
1440
1441
1442
1443
1447
1449
1453
1456
1457
1457
1457
1458
1458
1460
1461
1463
1464
1465
1465
1465
1466
1467
1467
1468
1470
1471
1471
1473
1468
1468
1472
1473
1474
1475
1481
1481
1481
1486
1486
1487
1487
1488
1489
1489
1491
1491
1491
1495
1495
1495
1497
1487
1488
1439
1440
1441
1441
1441
1442
1442
1444
1444
1444
1447
1450
1451
1452
1455
1458
1458
1461
1462
1462
1463
1464
1465
1467
1468
1465
1466
1466
1466
1467
1471
1474
1477
1479
1480
1447
1447
1447
1450
1450
1450
1454
1455
1455
1455
1457
1459
1462
1462
1463
1472
1473
1475
1475
1476
1477
1477
1480
1480
1483
1483
1484
1484
1482
1483
1484
1485
1488
1489
1490
1490
1491
1492
1492
1492
1492
1496
1481
1483
1483
1483
1484
1483
1483
1484
1486
1488
1488
1492
1464
1466
1467
1468
1469
1470
1472
1472
1473
1476
1477
1479
1479
1480
1481
1485
1486
1486
1479
1480
1480
1480
1481
1482
1482
1482
1483
1487
1488
1489
1493
1493
1494
1494
1457
1458
1458
1462
1463
1463
1469
1469
1469
1469
1471
1471
1476
1477
1477
1464
1465
1465
1465
1466
1466
1467
1470
1470
1471
1474
1479
1481
1482
1483
1483
1484
1485
1488
1490
1492
1492
1493
1495
1497
1473
1473
1474
1474
1476
1477
1477
1479
1482
1482
1483
1484
1486
1488
1488
1492
1493
1495
1495
1495
1495
1496
1497
1498
1498
1499
1483
1484
1488
1488
1490
1472
1476
1477
1479
1480
1480
1481
1485
1490
1490
1493
1493
1494
1494
1495
1496
1496
1496
1497
1497
1499
1499
1500
1465
1465
1467
1469
1469
1474
1475
1477
1477
1483
1484
1484
1484
1485
1486
1486
1486
1425
1427
1427
1430
1430
1431
1431
1435
1436
1438
1439
1443
1444
1444
1444
1445
1446
1446
1448
1450
1453
1455
1456
1456
1459
1461
1463
1463
1464
1466
1468
1469
1472
1472
1473
1473
1476
1477
1479
1479
1479
1481
1481
1486
1487
1488
1489
1490
1491
1491
1473
1474
1416
1416
1417
1418
1419
1420
1422
1423
1424
1426
1430
1430
1433
1433
1434
1437
1430
1430
1433
1433
1434
1435
1435
1436
1437
1438
1438
1438
1440
1441
1446
1449
1449
1450
1450
1453
1453
1454
1454
1455
1457
1460
1461
1461
1461
1462
1463
1463
1463
1465
1466
1466
1467
1470
1471
1473
1474
1474
1475
1476
1478
1478
1478
1480
1481
1481
1482
1483
1483
1490
1494
1495
1495
1477
1478
1478
1478
1479
1480
1481
1482
1468
1471
1472
1472
1473
1474
1475
1475
1476
1476
1476
1477
1477
1477
1480
1480
1481
1481
1482
1483
1483
1454
1455
1455
1458
1458
1460
1460
1460
1461
1461
1461
1461
1464
1466
1470
1474
1475
1480
1482
1483
1485
1485
1488
1488
1489
1489
1495
1453
1453
1455
1457
1458
1458
1458
1447
1448
1448
1449
1450
1451
1451
1452
1454
1455
1456
1457
1460
1461
1464
1451
1456
1457
1457
1457
1459
1459
1461
1461
1462
1463
1465
1466
1468
1470
1472
1473
1474
1480
1481
1482
1484
1486
1489
1489
1489
1490
1494
1494
1494
1477
1479
1480
1481
1482
1482
1484
1488
1490
1490
1492
1433
1434
1437
1437
1437
1438
1440
1442
1436
1438
1439
1440
1439
1443
1443
1443
1444
1446
1447
1448
1449
1450
1451
1452
1454
1454
1456
1458
1459
1461
1462
1464
1465
1465
1465
1466
1467
1467
1469
1469
1471
1472
1473
1474
1476
1476
1479
1481
1482
1482
1487
1491
1493
1493
1493
1494
1495
1497
1498
1498
1444
1445
1445
1447
1447
1449
1451
1452
1452
1453
1455
1458
1461
1462
1463
1464
1466
1467
1470
1471
1473
1473
1473
1475
1477
1478
1479
1479
1480
1481
1483
1484
1485
1486
1486
1488
1489
1491
1491
1492
1492
1493
1495
1495
1495
1462
1464
1465
1465
1466
1468
1463
1465
1465
1467
1468
1468
1469
1471
1471
1473
1474
1474
1475
1478
1478
1479
1480
1482
1482
1486
1487
1487
1487
1491
1493
1494
1494
1494
1494
1494
1495
1495
1496
1496
1499
1432
1434
1435
1435
1436
1436
1438
1441
1443
1444
1444
1449
1452
1452
1456
1457
1458
1458
1459
1461
1463
1465
1467
1467
1468
1469
1472
1472
1473
1466
1469
1469
1469
1471
1471
1474
1474
1475
1475
1475
1475
1476
1461
1462
1462
1462
1462
1466
1466
1466
1468
1454
1455
1456
1456
1457
1458
1458
1461
1461
1461
1463
1465
1468
1470
1471
1471
1446
1449
1450
1451
1452
1454
1456
1460
1460
1462
1463
1463
1463
1464
1465
1465
1467
1467
1468
1469
1470
1472
1472
1473
1473
1457
1458
1458
1460
1461
1461
1461
1463
1465
1466
1467
1464
1458
1459
1461
1464
1465
1450
1451
1453
1453
1454
1455
1456
1460
1462
1462
1462
1463
1467
1469
1470
1455
1455
1456
1458
1460
1461
1461
1462
1462
1462
1463
1463
1465
1467
1469
1469
1469
1463
1463
1466
1468
1470
1472
1462
1463
1463
1464
1445
1449
1449
1449
1450
1450
1451
1456
1457
1458
1458
1442
1442
1443
1443
1444
1444
1445
1447
1448
1449
1450
1420
1421
1422
1423
1424
1425
1425
1427
1428
1431
1436
1437
1437
1437
1438
1438
1438
1442
1442
1443
1448
1450
1451
1452
1450
1451
1454
1455
1455
1456
1457
1457
1458
1458
1462
1463
1463
1470
1470
1470
1471
1472
1472
1473
1473
1475
1475
1476
1477
1417
1417
1417
1417
1418
1419
1421
1422
1423
1423
1423
1425
1425
1426
1426
1421
1421
1423
1423
1426
1426
1426
1427
1427
1429
1429
1430
1432
1432
1434
1434
1436
1439
1443
1443
1447
1448
1451
1453
1455
1455
1456
1458
1458
1461
1461
1463
1463
1463
1465
1469
1470
1471
1472
1473
1473
1473
1455
1455
1457
1459
1460
1460
1461
1462
1462
1464
1466
1420
1422
1423
1426
1426
1428
1428
1420
1420
1422
1406
1409
1410
1412
1414
1416
1416
1418
1418
1419
1420
1421
1422
1423
1427
1430
1431
1433
1433
1435
1436
1439
1441
1443
1443
1447
1447
1448
1449
1451
1452
1453
1453
1455
1455
1447
1448
1450
1452
1454
1457
1458
1460
1461
1462
1466
1466
1470
1470
1470
1474
1476
1476
1479
1479
1480
1483
1486
1488
1489
1491
1461
1463
1463
1463
1464
1464
1464
1467
1468
1468
1470
1475
1475
1476
1476
1477
1478
1478
1481
1482
1485
1487
1487
1488
1489
1491
1493
1481
1483
1486
1489
1490
1490
1468
1469
1469
1471
1472
1473
1476
1478
1457
1457
1457
1459
1462
1462
1462
1463
1463
1464
1467
1468
1470
1472
1472
1473
1473
1475
1476
1477
1478
1481
1482
1488
1489
1489
1489
1490
1490
1490
1469
1470
1471
1473
1474
1474
1476
1478
1479
1480
1468
1469
1469
1470
1470
1471
1474
1474
1476
1478
1479
1460
1463
1463
1463
1465
1465
1438
1439
1439
1440
1441
1443
1444
1446
1449
1449
1450
1450
1451
1452
1453
1455
1457
1461
1461
1462
1462
1462
1464
1471
1464
1465
1465
1466
1469
1471
1472
1475
1476
1476
1479
1480
1482
1482
1482
1485
1486
1487
1440
1444
1445
1446
1451
1453
1454
1455
1456
1456
1457
1457
1459
1459
1459
1460
1462
1465
1465
1465
1467
1467
1467
1467
1468
1471
1473
1456
1456
1456
1458
1460
1460
1461
1461
1461
1463
1463
1466
1467
1468
1469
1470
1472
1474
1475
1475
1478
1481
1481
1481
1468
1469
1469
1470
1470
1475
1475
1477
1479
1480
1481
1484
1484
1484
1484
1485
1485
1487
1491
1491
1492
1492
1493
1493
1495
1496
1496
1497
1498
1468
1469
1453
1455
1455
1458
1459
1460
1461
1461
1462
1464
1464
1465
1465
1468
1468
1470
1471
1473
1473
1474
1475
1475
1476
1477
1478
1478
1479
1480
1445
1450
1450
1452
1452
1453
1453
1454
1456
1457
1460
1464
1464
1464
1468
1469
1471
1472
1472
1473
1474
1474
1474
1475
1475
1475
1477
1478
1478
1479
1483
1470
1471
1472
1473
1473
1474
1477
1478
1478
1478
1481
1483
1486
1487
1488
1488
1489
1490
1490
1492
1493
1493
1493
1493
1494
1495
1496
1496
1497
1482
1482
1483
1484
1487
1488
1490
1491
1492
1470
1471
1473
1473
1476
1478
1479
1481
1481
1482
1482
1484
1484
1484
1485
1486
1470
1471
1472
1473
1475
1476
1478
1479
1485
1488
1489
1490
1491
1491
1492
1493
1495
1495
1475
1475
1476
1477
1459
1461
1463
1466
1466
1466
1466
1467
1468
1469
1471
1473
1473
1459
1460
1463
1463
1464
1465
1471
1472
1474
1477
1479
1479
1480
1480
1480
1481
1481
1481
1482
1486
1487
1489
1490
1490
1491
1491
1494
1496
1497
1477
1479
1481
1481
1482
1484
1484
1482
1482
1486
1486
1489
1496
1497
1497
1499
1499
1465
1465
1466
1467
1469
1469
1470
1473
1474
1474
1475
1475
1477
1479
1479
1479
1480
1481
1482
1489
1489
1489
1489
1490
1494
1495
1497
1497
1499
1477
1478
1478
1480
1480
1420
1420
1421
1423
1426
1428
1430
1430
1435
1437
1437
1441
1443
1443
1447
1449
1450
1454
1456
1457
1457
1459
1459
1460
1464
1465
1465
1465
1468
1468
1468
1469
1469
1470
1470
1473
1474
1478
1480
1483
1484
1484
1486
1486
1486
1487
1488
1490
1490
1490
1493
1436
1437
1439
1440
1440
1442
1443
1443
1444
1446
1446
1447
1448
1449
1451
1446
1447
1447
1449
1450
1450
1451
1451
1418
1418
1418
1419
1420
1421
1421
1423
1424
1425
1425
1426
1427
1431
1431
1433
1433
1435
1437
1438
1440
1440
1441
1443
1443
1443
1445
1446
1447
1448
1449
1449
1452
1453
1455
1457
1458
1459
1463
1464
1464
1468
1469
1469
1473
1476
1476
1477
1478
1478
1479
1481
1481
1482
1482
1483
1485
1486
1487
1488
1489
1489
1493
1493
1493
1493
1467
1470
1471
1471
1471
1471
1471
1472
1473
1475
1476
1478
1479
1480
1481
1462
1463
1463
1463
1448
1449
1449
1450
1450
1452
1453
1455
1455
1456
1456
1457
1458
1458
1460
1460
1462
1463
1464
1464
1465
1467
1469
1471
1477
1479
1479
1481
1482
1483
1486
1487
1489
1491
1492
1492
1492
1436
1436
1437
1438
1438
1439
1441
1441
1444
1446
1447
1447
1443
1444
1445
1446
1447
1447
1449
1450
1451
1452
1452
1456
1457
1460
1460
1463
1466
1466
1467
1468
1469
1471
1471
1472
1472
1473
1474
1474
1477
1479
1482
1484
1485
1486
1486
1486
1487
1487
1487
1488
1489
1489
1489
1489
1490
1492
1493
1493
1478
1478
1478
1479
1479
1480
1480
1481
1481
1481
1482
1483
1485
1485
1486
1486
1489
1489
1490
1490
1491
1493
1448
1452
1454
1456
1458
1459
1462
1462
1462
1464
1464
1464
1450
1453
1455
1455
1458
1460
1460
1460
1462
1463
1463
1463
1446
1447
1448
1449
1450
1451
1453
1454
1456
1456
1459
1459
1459
1461
1463
1463
1465
1467
1469
1470
1476
1477
1477
1477
1478
1478
1479
1480
1481
1485
1487
1487
1488
1488
1491
1494
1494
1496
1498
1498
1499
1466
1448
1449
1450
1451
1452
1453
1454
1454
1455
1456
1456
1456
1458
1458
1462
1463
1466
1467
1468
1471
1471
1471
1472
1472
1473
1473
1474
1476
1476
1478
1480
1485
1485
1486
1487
1488
1488
1489
1493
1495
1496
1452
1454
1454
1454
1455
1455
1455
1456
1458
1462
1465
1465
1466
1466
1469
1470
1470
1471
1474
1477
1478
1478
1479
1482
1484
1484
1484
1485
1485
1487
1489
1490
1492
1497
1499
1459
1459
1461
1464
1465
1461
1462
1463
1463
1464
1465
1465
1466
1468
1469
1475
1475
1476
1477
1477
1477
1478
1454
1456
1457
1458
1463
1465
1467
1468
1469
1469
1470
1470
1443
1443
1446
1447
1448
1448
1448
1449
1449
1451
1453
1453
1456
1456
1457
1459
1460
1460
1466
1466
1470
1471
1471
1473
1464
1464
1465
1467
1459
1463
1464
1466
1466
1445
1445
1445
1446
1448
1450
1450
1452
1452
1452
1456
1457
1457
1457
1461
1461
1461
1462
1462
1465
1469
1469
1469
1470
1470
1456
1456
1456
1459
1460
1463
1464
1465
1466
1468
1469
1469
1456
1457
1460
1461
1465
1466
1467
1470
1473
1473
1477
1421
1422
1420
1421
1425
1425
1427
1427
1430
1430
1430
1430
1431
1432
1432
1433
1435
1438
1440
1443
1445
1446
1448
1449
1452
1425
1426
1427
1430
1431
1431
1437
1438
1438
1439
1440
1441
1442
1444
1445
1447
1449
1450
1451
1452
1452
1453
1454
1454
1458
1460
1464
1468
1471
1472
1473
1473
1475
1430
1431
1432
1432
1433
1437
1437
1439
1439
1440
1443
1445
1448
1448
1449
1452
1454
1457
1442
1443
1443
1443
1443
1444
1444
1445
1446
1446
1447
1448
1448
1449
1449
1452
1453
1456
1457
1457
1457
1461
1461
1461
1461
1462
1464
1465
1466
1466
1467
1467
1468
1469
1470
1470
1471
1472
1461
1462
1462
1462
1463
1463
1466
1466
1467
1403
1405
1407
1409
1410
1410
1410
1411
1411
1413
1414
1414
1417
1418
1421
1422
1430
1434
1436
1437
1437
1439
1440
1440
1440
1441
1442
1442
1444
1445
1449
1451
1452
1452
1453
1455
1456
1438
1440
1444
1445
1445
1446
1446
1446
1446
1447
1447
1448
1448
1449
1451
1455
1452
1453
1455
1455
1457
1459
1459
1459
1460
1460
1462
1462
1462
1462
1462
1447
1449
1449
1450
1452
1456
1457
1457
1458
1458
1459
1461
1463
1465
1465
1466
1466
1468
1470
1473
1475
1477
1481
1481
1481
1482
1483
1484
1484
1486
1487
1490
1464
1466
1466
1462
1464
1464
1465
1468
1470
1470
1470
1470
1471
1472
1475
1475
1478
1480
1480
1482
1483
1484
1488
1488
1488
1488
1490
1494
1484
1485
1486
1487
1488
1488
1490
1490
1477
1478
1463
1451
1451
1453
1456
1457
1458
1458
1459
1459
1461
1462
1463
1463
1464
1465
1465
1466
1466
1467
1468
1469
1473
1474
1476
1479
1480
1482
1483
1484
1486
1483
1484
1487
1488
1488
1491
1491
1491
1469
1472
1473
1474
1475
1476
1479
1479
1480
1450
1458
1458
1452
1454
1455
1457
1464
1467
1468
1468
1469
1470
1471
1445
1447
1447
1448
1450
1452
1452
1452
1453
1453
1453
1455
1455
1458
1459
1460
1460
1462
1462
1463
1463
1465
1465
1467
1469
1469
1469
1473
1474
1475
1477
1479
1480
1480
1487
1487
1488
1488
1489
1489
1490
1462
1462
1462
1464
1464
1466
1461
1463
1463
1464
1464
1464
1465
1468
1469
1469
1470
1470
1471
1471
1472
1473
1448
1448
1449
1449
1449
1450
1451
1452
1452
1454
1455
1456
1457
1458
1459
1459
1460
1460
1464
1464
1464
1465
1470
1470
1471
1476
1478
1478
1480
1459
1461
1461
1462
1462
1463
1466
1467
1469
1470
1470
1470
1470
1471
1471
1474
1474
1477
1478
1479
1480
1482
1484
1486
1488
1488
1489
1480
1480
1484
1486
1487
1488
1493
1493
1493
1494
1494
1495
1495
1496
1497
1498
1499
1471
1472
1473
1474
1474
1479
1480
1449
1451
1456
1456
1458
1460
1460
1462
1463
1463
1464
1465
1466
1467
1470
1470
1472
1472
1476
1477
1467
1468
1468
1469
1470
1473
1474
1476
1478
1478
1482
1483
1483
1484
1484
1484
1462
1462
1464
1464
1465
1465
1466
1469
1470
1472
1476
1477
1477
1477
1479
1479
1480
1482
1484
1485
1486
1483
1484
1485
1488
1488
1491
1492
1494
1494
1494
1495
1495
1495
1496
1487
1488
1490
1490
1491
1491
1476
1476
1477
1477
1478
1478
1481
1481
1485
1461
1468
1468
1469
1470
1470
1470
1472
1473
1474
1476
1477
1478
1478
1479
1480
1481
1481
1483
1485
1485
1486
1486
1486
1487
1487
1488
1492
1492
1493
1494
1494
1476
1458
1459
1460
1463
1464
1469
1471
1473
1452
1453
1453
1454
1455
1460
1460
1460
1462
1462
1463
1465
1466
1466
1467
1468
1470
1471
1472
1474
1475
1478
1479
1479
1479
1480
1481
1482
1485
1486
1489
1491
1492
1495
1496
1497
1474
1475
1476
1477
1478
1481
1482
1482
1483
1483
1488
1488
1488
1488
1489
1490
1490
1487
1489
1489
1490
1491
1492
1493
1493
1494
1465
1466
1466
1468
1471
1471
1471
1472
1473
1475
1476
1476
1479
1480
1480
1482
1483
1484
1487
1488
1488
1491
1491
1492
1492
1494
1494
1494
1496
1497
1498
1499
1500
1435
1436
1438
1438
1438
1440
1440
1428
1428
1430
1430
1431
1433
1434
1434
1436
1436
1436
1436
1439
1440
1442
1443
1444
1444
1445
1450
1451
1451
1453
1454
1455
1456
1457
1458
1458
1459
1459
1459
1460
1460
1463
1468
1469
1470
1471
1472
1474
1475
1476
1478
1474
1476
1477
1478
1479
1479
1480
1481
1481
1482
1486
1486
1487
1487
1490
1406
1408
1408
1410
1411
1412
1413
1416
1417
1418
1418
1419
1421
1422
1425
1426
1426
1427
1429
1430
1430
1431
1431
1433
1435
1436
1436
1439
1440
1441
1443
1444
1446
1448
1449
1449
1450
1452
1455
1457
1458
1447
1449
1450
1451
1452
1453
1456
1456
1457
1457
1458
1461
1462
1463
1465
1468
1469
1471
1472
1474
1475
1476
1476
1477
1478
1479
1479
1480
1481
1481
1481
1481
1483
1485
1483
1483
1484
1484
1484
1485
1489
1495
1495
1495
1474
1474
1475
1479
1483
1486
1488
1448
1449
1449
1449
1449
1452
1455
1456
1457
1460
1463
1454
1454
1455
1455
1457
1458
1459
1460
1468
1469
1471
1474
1475
1475
1475
1475
1481
1484
1487
1487
1488
1489
1489
1490
1491
1491
1493
1493
1494
1460
1460
1461
1440
1440
1441
1443
1441
1441
1444
1450
1451
1451
1453
1453
1458
1461
1463
1463
1464
1465
1466
1471
1473
1474
1474
1476
1477
1477
1477
1478
1481
1482
1483
1486
1492
1493
1479
1480
1481
1481
1482
1482
1486
1489
1489
1490
1491
1492
1493
1432
1438
1439
1440
1441
1443
1445
1435
1435
1438
1438
1442
1442
1442
1444
1445
1445
1435
1435
1436
1437
1442
1445
1445
1446
1447
1447
1448
1448
1449
1451
1452
1453
1453
1454
1454
1455
1455
1458
1459
1460
1460
1461
1462
1463
1463
1464
1466
1466
1467
1468
1472
1472
1473
1473
1473
1475
1475
1476
1476
1477
1479
1479
1483
1485
1487
1490
1493
1494
1495
1497
1497
1498
1498
1461
1463
1452
1454
1455
1457
1457
1457
1461
1462
1462
1462
1462
1464
1464
1464
1465
1467
1469
1473
1474
1474
1474
1475
1478
1480
1480
1482
1484
1489
1490
1491
1492
1492
1494
1494
1451
1451
1451
1452
1453
1450
1450
1451
1451
1454
1455
1458
1459
1461
1462
1463
1466
1466
1467
1467
1468
1468
1469
1471
1473
1474
1476
1476
1480
1480
1481
1483
1483
1485
1485
1487
1490
1491
1491
1492
1494
1495
1496
1496
1496
1498
1498
1499
1469
1469
1469
1471
1473
1474
1474
1474
1477
1461
1461
1461
1461
1466
1469
1440
1440
1442
1444
1446
1447
1450
1451
1451
1454
1455
1455
1456
1456
1459
1459
1460
1464
1465
1465
1468
1470
1470
1470
1470
1473
1474
1464
1464
1440
1443
1443
1444
1444
1447
1448
1448
1448
1450
1451
1451
1453
1453
1454
1454
1455
1456
1457
1458
1458
1459
1459
1462
1462
1463
1467
1468
1469
1470
1470
1457
1460
1463
1463
1464
1464
1464
1465
1465
1466
1469
1460
1460
1460
1462
1463
1457
1454
1454
1457
1457
1459
1460
1460
1467
1467
1470
1470
1471
1472
1476
1443
1448
1405
1408
1410
1410
1410
1414
1415
1416
1417
1419
1418
1418
1420
1419
1419
1419
1420
1420
1424
1426
1426
1427
1428
1431
1432
1433
1433
1434
1434
1436
1438
1438
1438
1440
1440
1441
1442
1444
1445
1445
1447
1448
1454
1454
1456
1457
1457
1458
1459
1461
1464
1465
1465
1467
1470
1473
1473
1473
1476
1477
1477
1477
1477
1451
1452
1453
1453
1456
1438
1438
1440
1440
1442
1443
1443
1446
1450
1453
1443
1444
1447
1448
1450
1451
1454
1454
1456
1460
1462
1462
1462
1464
1465
1467
1468
1469
1471
1471
1472
1473
1473
1413
1414
1416
1417
1418
1419
1419
1419
1420
1422
1422
1422
1426
1426
1426
1426
1427
1428
1429
1436
1437
1440
1441
1442
1444
1446
1446
1448
1451
1452
1452
1455
1455
1455
1456
1435
1438
1439
1442
1442
1443
1443
1443
1444
1444
1445
1446
1447
1447
1452
1455
1457
1457
1459
1448
1448
1449
1449
1450
1456
1457
1457
1458
1460
1461
1462
1453
1453
1453
1454
1454
1455
1440
1442
1445
1445
1446
1452
1453
1454
1454
1455
1458
1458
1458
1459
1441
1442
1444
1444
1445
1446
1446
1446
1449
1450
1451
1451
1452
1458
1458
1462
1462
1463
1464
1465
1465
1466
1466
1468
1468
1469
1471
1472
1472
1475
1478
1479
1482
1482
1483
1483
1489
1491
1467
1467
1467
1468
1456
1457
1458
1459
1459
1460
1461
1465
1465
1467
1468
1468
1469
1470
1470
1471
1473
1473
1475
1475
1475
1476
1477
1479
1479
1480
1483
1483
1485
1486
1487
1487
1488
1489
1489
1490
1490
1492
1494
1487
1489
1490
1450
1450
1451
1451
1453
1454
1456
1458
1458
1458
1458
1459
1459
1459
1461
1463
1464
1465
1465
1465
1466
1466
1466
1468
1468
1469
1469
1470
1471
1472
1472
1472
1477
1477
1477
1478
1478
1478
1482
1482
1483
1483
1483
1483
1484
1486
1478
1479
1480
1480
1481
1483
1485
1485
1487
1489
1491
1491
1451
1452
1452
1452
1453
1454
1454
1455
1455
1458
1459
1461
1461
1462
1463
1464
1464
1465
1467
1468
1426
1426
1429
1430
1431
1433
1434
1435
1437
1437
1440
1440
1441
1444
1444
1446
1446
1446
1446
1447
1454
1454
1454
1457
1458
1459
1463
1465
1466
1468
1469
1469
1469
1474
1474
1474
1475
1476
1476
1478
1481
1482
1482
1483
1484
1486
1488
1489
1471
1472
1472
1440
1441
1442
1442
1443
1444
1445
1446
1447
1450
1452
1452
1453
1456
1462
1462
1462
1463
1465
1467
1470
1470
1472
1473
1473
1475
1476
1476
1481
1482
1482
1462
1459
1459
1460
1463
1465
1465
1466
1466
1467
1468
1469
1469
1472
1473
1473
1475
1476
1479
1479
1481
1483
1484
1487
1488
1469
1471
1472
1477
1479
1479
1479
1481
1482
1482
1484
1486
1487
1489
1491
1491
1492
1493
1496
1496
1497
1497
1499
1462
1464
1464
1465
1466
1467
1469
1470
1471
1473
1473
1475
1476
1459
1460
1460
1460
1460
1464
1465
1465
1468
1468
1470
1473
1474
1474
1475
1476
1477
1479
1479
1480
1481
1482
1483
1484
1484
1485
1460
1462
1463
1464
1465
1467
1467
1468
1468
1471
1474
1474
1476
1477
1477
1482
1482
1483
1484
1484
1486
1487
1474
1477
1480
1486
1486
1488
1490
1491
1493
1493
1494
1494
1495
1495
1495
1495
1492
1482
1484
1486
1486
1468
1469
1472
1474
1475
1461
1463
1464
1464
1465
1467
1467
1468
1470
1471
1472
1473
1473
1474
1476
1476
1479
1479
1480
1481
1482
1483
1485
1487
1488
1490
1492
1493
1494
1495
1434
1435
1435
1436
1436
1438
1439
1440
1440
1442
1443
1444
1444
1446
1446
1446
1447
1447
1447
1449
1449
1453
1454
1455
1456
1459
1460
1461
1461
1463
1466
1467
1469
1471
1472
1473
1477
1479
1479
1481
1484
1484
1486
1485
1490
1493
1493
1495
1495
1496
1498
1483
1483
1483
1484
1485
1485
1486
1487
1489
1477
1477
1477
1479
1480
1482
1482
1483
1485
1489
1491
1492
1496
1496
1497
1498
1498
1466
1468
1469
1469
1470
1470
1471
1474
1474
1479
1480
1481
1484
1486
1487
1488
1487
1488
1492
1493
1493
1494
1497
1499
1444
1444
1445
1446
1447
1448
1452
1453
1453
1454
1452
1453
1453
1454
1454
1455
1456
1457
1459
1459
1459
1463
1468
1468
1469
1469
1469
1471
1472
1472
1479
1461
1470
1472
1475
1475
1476
1476
1476
1477
1478
1482
1482
1483
1484
1484
1484
1485
1486
1489
1490
1492
1492
1440
1441
1441
1442
1442
1443
1443
1448
1449
1455
1455
1457
1457
1458
1427
1429
1429
1430
1431
1433
1434
1437
1439
1440
1442
1445
1446
1446
1447
1447
1450
1450
1445
1448
1449
1450
1450
1450
1453
1454
1457
1459
1460
1460
1460
1461
1464
1464
1464
1465
1466
1469
1469
1471
1472
1472
1472
1476
1477
1477
1479
1481
1484
1473
1473
1474
1474
1475
1477
1479
1481
1483
1483
1484
1486
1487
1490
1492
1493
1493
1493
1494
1494
1494
1495
1495
1481
1485
1487
1439
1440
1440
1441
1442
1442
1444
1444
1436
1436
1437
1438
1439
1439
1442
1453
1454
1454
1455
1455
1457
1457
1457
1458
1459
1460
1460
1461
1461
1462
1464
1471
1471
1471
1473
1473
1476
1484
1484
1485
1489
1489
1493
1494
1495
1495
1496
1435
1435
1438
1438
1438
1439
1439
1440
1440
1441
1441
1444
1444
1445
1445
1445
1448
1449
1449
1449
1450
1455
1458
1462
1468
1468
1471
1471
1471
1474
1477
1477
1477
1478
1481
1484
1485
1488
1489
1492
1493
1493
1493
1480
1485
1486
1487
1490
1441
1441
1442
1443
1444
1446
1447
1448
1448
1449
1450
1452
1447
1447
1448
1450
1451
1452
1452
1453
1455
1455
1455
1456
1460
1462
1463
1467
1437
1440
1441
1442
1442
1442
1444
1446
1446
1450
1450
1450
1451
1452
1452
1452
1454
1454
1455
1455
1456
1458
1459
1459
1459
1460
1462
1465
1465
1465
1466
1469
1468
1468
1468
1470
1470
1470
1470
1472
1472
1473
1474
1475
1477
1477
1479
1479
1480
1481
1482
1483
1483
1484
1484
1485
1486
1486
1486
1491
1494
1494
1494
1495
1497
1498
1453
1454
1455
1456
1456
1456
1459
1463
1463
1464
1465
1466
1466
1468
1468
1471
1472
1473
1475
1479
1480
1482
1482
1483
1484
1485
1485
1486
1487
1490
1491
1492
1493
1493
1494
1457
1457
1460
1461
1462
1462
1467
1468
1470
1470
1470
1471
1464
1467
1467
1464
1464
1465
1468
1469
1470
1470
1471
1474
1476
1478
1479
1480
1481
1483
1484
1487
1487
1488
1489
1490
1492
1495
1495
1457
1458
1458
1461
1461
1463
1458
1459
1459
1460
1461
1463
1463
1466
1466
1463
1464
1465
1466
1467
1467
1467
1467
1468
1468
1469
1469
1469
1472
1441
1442
1442
1444
1444
1445
1446
1447
1448
1451
1452
1452
1455
1457
1457
1458
1458
1460
1461
1461
1463
1463
1464
1466
1466
1467
1468
1468
1468
1468
1469
1469
1469
1469
1458
1460
1461
1461
1463
1463
1464
1466
1466
1466
1468
1442
1443
1445
1445
1445
1446
1447
1447
1447
1447
1447
1448
1449
1450
1451
1451
1452
1452
1455
1456
1456
1457
1458
1458
1458
1461
1463
1463
1464
1464
1465
1468
1472
1475
1411
1412
1417
1417
1417
1417
1418
1419
1419
1420
1421
1421
1422
1412
1412
1415
1416
1417
1418
1418
1418
1420
1420
1423
1423
1424
1427
1419
1419
1420
1421
1422
1424
1427
1428
1429
1430
1434
1435
1435
1437
1446
1449
1451
1452
1452
1452
1452
1455
1456
1457
1457
1458
1459
1459
1459
1461
1461
1461
1463
1466
1467
1470
1470
1471
1474
1476
1477
1478
1455
1425
1428
1429
1431
1432
1432
1436
1436
1437
1437
1439
1441
1441
1441
1443
1444
1446
1446
1447
1447
1448
1451
1452
1452
1454
1455
1456
1459
1459
1465
1465
1466
1467
1467
1467
1467
1467
1467
1468
1469
1471
1471
1472
1429
1431
1431
1431
1431
1434
1437
1438
1439
1442
1443
1444
1445
1445
1445
1446
1448
1451
1451
1453
1456
1432
1434
1435
1436
1438
1438
1438
1442
1442
1443
1445
1447
1453
1455
1455
1459
1459
1444
1447
1448
1450
1451
1455
1456
1457
1459
1461
1462
1443
1444
1445
1445
1447
1448
1449
1449
1449
1451
1453
1454
1455
1455
1457
1457
1428
1429
1430
1430
1433
1436
1439
1440
1444
1448
1449
1449
1451
1451
1451
1453
1455
1456
1457
1458
1468
1449
1450
1450
1450
1450
1454
1456
1459
1459
1462
1462
1464
1467
1468
1469
1469
1470
1472
1473
1473
1476
1478
1481
1482
1482
1482
1484
1485
1486
1486
1486
1486
1487
1487
1489
1491
1466
1467
1469
1470
1471
1472
1473
1474
1475
1475
1476
1463
1463
1465
1466
1466
1468
1470
1470
1471
1473
1475
1475
1476
1476
1477
1478
1478
1482
1483
1484
1484
1488
1489
1489
1490
1491
1492
1494
1490
1491
1491
1463
1464
1458
1459
1463
1463
1465
1467
1467
1467
1469
1469
1473
1474
1474
1475
1475
1476
1476
1480
1482
1482
1482
1484
1485
1472
1473
1475
1475
1475
1477
1477
1477
1478
1478
1480
1479
1482
1483
1483
1489
1489
1490
1490
1491
1424
1424
1424
1424
1426
1429
1430
1432
1432
1433
1433
1435
1436
1436
1439
1439
1440
1440
1443
1444
1444
1446
1446
1448
1450
1453
1455
1456
1456
1457
1459
1463
1464
1465
1466
1466
1466
1467
1452
1453
1463
1463
1465
1466
1466
1467
1470
1472
1472
1475
1475
1477
1478
1480
1481
1482
1483
1484
1484
1486
1487
1488
1489
1445
1447
1448
1451
1451
1452
1452
1454
1456
1456
1456
1458
1459
1459
1461
1462
1464
1465
1465
1467
1469
1469
1469
1471
1471
1471
1471
1472
1475
1476
1476
1478
1478
1479
1479
1481
1481
1445
1446
1448
1448
1452
1453
1453
1456
1457
1458
1461
1461
1466
1467
1467
1468
1469
1469
1469
1475
1475
1476
1476
1476
1480
1480
1486
1486
1488
1489
1467
1469
1469
1473
1476
1476
1476
1478
1481
1481
1472
1472
1473
1475
1475
1480
1483
1484
1485
1487
1487
1487
1489
1490
1490
1491
1491
1491
1492
1492
1493
1495
1496
1497
1459
1460
1460
1462
1462
1464
1465
1467
1467
1468
1469
1469
1470
1475
1478
1482
1484
1458
1461
1462
1463
1464
1464
1464
1464
1465
1465
1466
1466
1467
1469
1470
1473
1473
1474
1477
1477
1478
1478
1479
1479
1480
1480
1482
1482
1486
1463
1467
1467
1468
1469
1469
1470
1470
1473
1475
1476
1478
1478
1478
1482
1482
1488
1490
1490
1490
1491
1492
1492
1493
1494
1495
1469
1469
1469
1475
1475
1476
1462
1463
1465
1467
1467
1467
1468
1471
1472
1473
1469
1472
1473
1474
1476
1477
1478
1479
1479
1482
1483
1484
1484
1485
1485
1488
1490
1490
1491
1494
1442
1444
1447
1448
1449
1453
1454
1455
1456
1459
1459
1461
1461
1462
1464
1464
1464
1464
1465
1466
1466
1467
1467
1468
1470
1472
1474
1474
1476
1479
1479
1480
1481
1483
1487
1473
1475
1475
1478
1478
1480
1483
1483
1484
1484
1485
1485
1486
1486
1488
1489
1491
1495
1497
1499
1469
1471
1472
1472
1476
1476
1477
1478
1481
1481
1481
1484
1485
1486
1487
1488
1488
1492
1494
1494
1495
1499
1499
1499
1499
1499
1478
1478
1479
1479
1480
1482
1483
1485
1485
1486
1475
1477
1479
1479
1480
1481
1483
1485
1486
1492
1493
1494
1495
1496
1499
1462
1464
1465
1465
1465
1467
1468
1471
1477
1477
1448
1448
1449
1450
1451
1452
1453
1454
1456
1462
1462
1465
1466
1469
1470
1472
1473
1475
1475
1475
1475
1477
1478
1478
1479
1481
1485
1486
1486
1491
1491
1491
1492
1492
1450
1450
1431
1432
1434
1434
1435
1435
1436
1436
1436
1439
1439
1441
1446
1448
1449
1451
1451
1452
1458
1462
1457
1444
1444
1444
1445
1445
1448
1448
1450
1452
1455
1457
1459
1459
1460
1462
1462
1462
1463
1466
1467
1468
1469
1469
1470
1470
1472
1473
1473
1473
1475
1475
1476
1477
1478
1480
1480
1481
1483
1484
1485
1485
1463
1463
1466
1466
1467
1468
1468
1468
1470
1470
1472
1472
1473
1475
1477
1477
1479
1483
1483
1484
1484
1485
1487
1487
1489
1493
1493
1493
1495
1454
1456
1457
1457
1458
1459
1461
1461
1430
1432
1432
1432
1434
1437
1439
1440
1440
1442
1443
1443
1444
1444
1446
1447
1448
1448
1451
1452
1452
1452
1454
1455
1456
1459
1460
1461
1462
1462
1462
1466
1466
1467
1468
1468
1470
1470
1471
1471
1473
1475
1475
1476
1477
1477
1477
1477
1480
1481
1484
1484
1484
1485
1485
1485
1486
1488
1488
1490
1493
1493
1463
1463
1464
1456
1456
1460
1462
1463
1446
1447
1449
1450
1451
1451
1451
1454
1454
1455
1456
1459
1459
1459
1460
1466
1468
1471
1471
1476
1477
1478
1478
1478
1479
1481
1481
1482
1483
1484
1485
1485
1485
1485
1487
1488
1490
1490
1491
1493
1481
1484
1485
1485
1486
1486
1486
1490
1461
1462
1463
1464
1465
1466
1467
1438
1438
1439
1443
1443
1444
1445
1447
1449
1450
1451
1452
1452
1454
1454
1455
1457
1458
1462
1460
1461
1463
1464
1465
1467
1469
1469
1443
1440
1440
1440
1440
1440
1440
1441
1445
1445
1446
1447
1452
1452
1453
1455
1455
1455
1457
1458
1458
1459
1462
1462
1464
1465
1466
1467
1468
1469
1470
1470
1471
1475
1475
1476
1476
1477
1477
1478
1478
1478
1478
1483
1485
1487
1487
1487
1488
1488
1491
1491
1492
1496
1456
1458
1460
1460
1461
1462
1463
1465
1468
1470
1473
1473
1474
1475
1475
1476
1478
1479
1484
1488
1488
1489
1490
1491
1494
1495
1453
1453
1455
1456
1456
1457
1457
1458
1460
1461
1464
1466
1468
1468
1471
1474
1474
1474
1475
1477
1465
1467
1468
1471
1473
1473
1474
1476
1477
1477
1478
1478
1479
1482
1482
1482
1483
1483
1483
1485
1485
1486
1487
1489
1490
1492
1495
1495
1498
1499
1500
1473
1447
1448
1449
1449
1450
1452
1456
1457
1457
1458
1458
1459
1460
1462
1463
1463
1463
1469
1470
1470
1461
1461
1462
1462
1463
1463
1464
1465
1466
1468
1469
1469
1449
1449
1449
1450
1451
1439
1440
1442
1444
1445
1447
1451
1454
1454
1454
1455
1455
1455
1457
1458
1460
1462
1463
1464
1467
1467
1467
1468
1469
1469
1470
1471
1472
1473
1473
1475
1475
1476
1403
1405
1407
1408
1409
1409
1413
1414
1417
1417
1419
1421
1421
1421
1422
1423
1423
1424
1425
1425
1433
1434
1436
1439
1440
1440
1442
1443
1444
1446
1446
1449
1450
1450
1451
1452
1453
1454
1455
1442
1442
1446
1449
1449
1451
1455
1456
1458
1460
1461
1461
1465
1467
1468
1470
1474
1474
1475
1436
1436
1438
1440
1443
1444
1444
1448
1449
1450
1450
1453
1454
1455
1456
1458
1458
1459
1460
1463
1465
1465
1465
1465
1461
1461
1461
1462
1462
1463
1468
1469
1470
1470
1471
1445
1447
1449
1449
1451
1452
1453
1456
1429
1429
1430
1430
1430
1431
1432
1438
1439
1439
1442
1446
1446
1448
1449
1449
1449
1451
1454
1454
1456
1457
1457
1457
1459
1447
1448
1451
1452
1452
1454
1455
1448
1448
1449
1454
1459
1459
1459
1460
1461
1448
1450
1450
1450
1453
1453
1454
1454
1456
1457
1457
1457
1458
1419
1421
1422
1424
1424
1424
1427
1427
1428
1428
1431
1431
1432
1432
1436
1437
1442
1443
1447
1448
1449
1451
1451
1453
1453
1454
1454
1454
1456
1459
1459
1461
1462
1463
1463
1465
1465
1465
1466
1467
1468
1468
1448
1451
1458
1458
1461
1461
1462
1466
1467
1468
1468
1468
1452
1452
1452
1455
1456
1457
1457
1458
1459
1460
1461
1463
1459
1460
1462
1465
1466
1468
1469
1470
1472
1472
1474
1474
1474
1477
1477
1477
1480
1480
1481
1483
1485
1485
1485
1488
1489
1490
1461
1463
1464
1464
1467
1470
1470
1471
1471
1471
1472
1473
1474
1476
1477
1477
1480
1480
1481
1481
1470
1470
1472
1473
1474
1475
1478
1479
1479
1480
1482
1483
1484
1486
1486
1486
1487
1487
1488
1488
1488
1488
1489
1491
1492
1494
1494
1466
1466
1467
1468
1469
1470
1475
1476
1479
1476
1476
1476
1477
1477
1485
1485
1478
1468
1469
1470
1470
1472
1472
1473
1474
1475
1476
1476
1478
1479
1480
1480
1481
1483
1483
1485
1485
1489
1448
1450
1451
1452
1454
1454
1456
1456
1456
1456
1457
1457
1458
1460
1463
1463
1465
1465
1443
1446
1447
1448
1451
1454
1454
1456
1456
1457
1460
1461
1462
1463
1464
1466
1468
1469
1469
1471
1472
1461
1461
1461
1465
1466
1467
1467
1468
1470
1473
1473
1476
1476
1477
1477
1477
1478
1478
1479
1481
1481
1483
1484
1485
1486
1487
1489
1459
1460
1461
1462
1463
1467
1468
1463
1463
1464
1465
1469
1470
1471
1472
1472
1479
1480
1480
1481
1438
1439
1439
1442
1443
1446
1446
1446
1446
1451
1451
1452
1453
1453
1456
1459
1460
1462
1463
1463
1465
1468
1469
1470
1471
1472
1472
1472
1475
1475
1478
1481
1481
1481
1484
1485
1487
1488
1488
1475
1475
1475
1476
1477
1477
1478
1478
1478
1478
1480
1480
1461
1462
1462
1463
1465
1466
1467
1468
1471
1473
1473
1474
1474
1475
1475
1477
1469
1469
1469
1471
1471
1472
1473
1474
1474
1476
1476
1477
1479
1480
1480
1482
1483
1483
1483
1483
1489
1492
1492
1493
1494
1497
1497
1498
1498
1474
1474
1474
1479
1481
1481
1481
1482
1484
1461
1464
1464
1464
1465
1465
1466
1468
1469
1471
1475
1476
1476
1473
1474
1474
1475
1475
1475
1476
1479
1481
1483
1483
1483
1484
1485
1460
1460
1460
1464
1464
1466
1469
1470
1470
1473
1474
1475
1475
1477
1482
1486
1484
1484
1484
1485
1486
1487
1487
1488
1488
1488
1492
1487
1487
1489
1490
1493
1493
1493
1494
1494
1452
1453
1453
1457
1459
1461
1461
1464
1466
1467
1468
1468
1471
1474
1474
1474
1475
1477
1478
1479
1480
1481
1481
1482
1482
1484
1485
1486
1488
1488
1489
1490
1490
1490
1491
1492
1492
1450
1450
1451
1459
1460
1464
1465
1465
1465
1469
1471
1472
1475
1475
1477
1478
1479
1480
1481
1484
1463
1464
1466
1466
1466
1469
1474
1474
1477
1480
1481
1484
1484
1485
1486
1486
1487
1488
1489
1489
1490
1491
1491
1491
1492
1496
1497
1497
1498
1498
1468
1469
1470
1470
1470
1477
1479
1479
1482
1484
1484
1491
1492
1492
1493
1496
1497
1498
1498
1499
1499
1465
1467
1467
1470
1471
1472
1482
1483
1484
1485
1488
1488
1492
1492
1492
1495
1496
1497
1497
1498
1498
1498
1498
1452
1452
1453
1455
1455
1456
1458
1444
1444
1444
1445
1445
1446
1447
1448
1448
1451
1451
1451
1451
1452
1454
1454
1457
1460
1461
1463
1464
1465
1466
1468
1469
1469
1470
1471
1472
1475
1476
1476
1479
1479
1490
1490
1492
1460
1461
1447
1447
1448
1441
1441
1442
1442
1442
1444
1444
1444
1445
1446
1447
1448
1448
1450
1450
1453
1454
1457
1457
1459
1459
1459
1459
1460
1460
1462
1464
1464
1446
1446
1450
1450
1453
1454
1454
1454
1459
1460
1460
1460
1461
1462
1463
1464
1469
1470
1473
1474
1475
1475
1476
1480
1481
1483
1484
1453
1454
1457
1459
1460
1464
1464
1465
1466
1467
1469
1470
1470
1471
1472
1473
1474
1477
1477
1480
1480
1481
1481
1481
1484
1485
1486
1486
1486
1488
1488
1489
1489
1490
1491
1494
1494
1432
1434
1435
1435
1435
1439
1441
1442
1444
1446
1438
1438
1439
1436
1438
1440
1441
1443
1444
1445
1446
1447
1447
1448
1450
1452
1452
1453
1454
1455
1456
1457
1457
1457
1458
1458
1459
1461
1462
1462
1465
1465
1467
1468
1471
1471
1472
1472
1474
1474
1477
1478
1480
1480
1481
1484
1484
1489
1489
1490
1491
1491
1492
1494
1443
1445
1447
1447
1450
1452
1448
1449
1457
1457
1460
1463
1465
1465
1466
1466
1468
1470
1470
1470
1470
1470
1471
1471
1474
1479
1480
1482
1483
1485
1485
1486
1487
1487
1488
1490
1492
1493
1482
1487
1487
1489
1490
1492
1462
1462
1462
1463
1454
1455
1455
1458
1458
1458
1463
1463
1465
1465
1465
1466
1466
1467
1452
1433
1433
1434
1435
1435
1437
1438
1440
1440
1442
1440
1440
1440
1441
1441
1442
1444
1423
1425
1428
1429
1431
1432
1433
1433
1434
1436
1439
1439
1440
1441
1443
1443
1445
1449
1450
1450
1451
1451
1452
1455
1459
1465
1470
1472
1472
1473
1473
1475
1477
1478
1480
1480
1483
1484
1487
1487
1488
1490
1490
1490
1491
1492
1492
1495
1495
1497
1497
1499
1499
1467
1467
1469
1470
1471
1471
1473
1466
1467
1467
1470
1470
1472
1472
1474
1476
1477
1478
1479
1482
1483
1484
1486
1488
1491
1492
1495
1495
1495
1495
1495
1471
1472
1473
1473
1475
1478
1460
1461
1462
1463
1464
1464
1463
1463
1463
1453
1453
1453
1454
1454
1454
1456
1458
1458
1459
1460
1461
1461
1462
1462
1462
1464
1464
1465
1466
1468
1469
1472
1474
1475
1475
1476
1477
1478
1478
1479
1482
1482
1484
1484
1487
1489
1491
1491
1493
1493
1494
1494
1495
1496
1498
1499
1461
1464
1465
1466
1469
1469
1428
1428
1428
1428
1428
1431
1432
1434
1434
1435
1437
1437
1437
1438
1438
1438
1439
1439
1442
1443
1445
1445
1446
1446
1446
1450
1451
1453
1455
1456
1458
1460
1463
1463
1464
1465
1466
1467
1473
1423
1423
1427
1430
1431
1431
1431
1432
1437
1437
1438
1439
1443
1443
1444
1444
1446
1447
1449
1450
1455
1457
1444
1447
1451
1454
1432
1432
1435
1436
1436
1437
1437
1437
1438
1440
1441
1441
1442
1445
1447
1448
1449
1450
1453
1453
1454
1454
1457
1460
1460
1460
1462
1463
1465
1465
1466
1468
1469
1470
1471
1471
1472
1475
1477
1478
1447
1452
1455
1455
1458
1462
1462
1462
1463
1464
1464
1464
1467
1467
1455
1458
1461
1462
1462
1464
1466
1467
1469
1470
1470
1471
1472
1430
1432
1432
1433
1434
1435
1437
1437
1437
1438
1438
1440
1440
1440
1441
1441
1441
1445
1447
1451
1451
1453
1453
1457
1452
1453
1454
1455
1455
1439
1441
1442
1446
1446
1447
1447
1461
1461
1462
1463
1464
1453
1453
1454
1455
1456
1456
1459
1459
1413
1416
1416
1416
1416
1416
1421
1421
1421
1422
1422
1424
1427
1427
1429
1431
1431
1432
1433
1433
1433
1433
1435
1439
1440
1444
1446
1446
1447
1450
1452
1454
1455
1456
1457
1457
1458
1459
1461
1462
1463
1463
1466
1467
1448
1448
1448
1449
1451
1453
1454
1456
1456
1457
1459
1461
1462
1462
1462
1462
1463
1463
1464
1465
1465
1466
1467
1469
1457
1458
1459
1461
1461
1464
1438
1440
1440
1441
1443
1444
1445
1445
1447
1454
1455
1456
1457
1457
1458
1461
1461
1462
1462
1465
1465
1466
1467
1464
1467
1468
1468
1469
1470
1474
1475
1475
1476
1476
1476
1478
1478
1481
1482
1482
1484
1484
1484
1486
1486
1487
1487
1489
1489
1490
1470
1473
1474
1475
1475
1477
1480
1482
1460
1461
1461
1461
1461
1462
1464
1465
1465
1465
1467
1471
1471
1472
1474
1475
1476
1476
1477
1478
1478
1479
1483
1484
1485
1488
1490
1489
1490
1491
1492
1480
1470
1471
1473
1475
1476
1476
1476
1482
1482
1482
1483
1484
1486
1486
1459
1461
1461
1462
1463
1465
1468
1469
1469
1469
1470
1472
1474
1475
1476
1479
1482
1483
1483
1485
1488
1488
1492
1441
1442
1443
1443
1447
1447
1448
1449
1449
1451
1451
1457
1457
1458
1461
1467
1468
1469
1469
1471
1445
1446
1446
1446
1446
1447
1448
1448
1449
1450
1453
1456
1457
1458
1460
1460
1461
1461
1463
1464
1465
1468
1468
1472
1473
1474
1474
1474
1478
1478
1478
1479
1481
1483
1484
1485
1487
1487
1488
1488
1489
1474
1474
1474
1475
1476
1481
1488
1488
1489
1491
1491
1491
1492
1495
1495
1497
1497
1497
1497
1497
1499
1499
1501
1502
1505
1507
1509
1510
1515
1516
1517
1518
1522
1524
1527
1527
1528
1532
1533
1534
1539
1541
1543
1546
1548
1550
1551
1551
1553
1554
1554
1556
1560
1563
1567
1569
1570
1570
1572
1573
1574
1575
1579
1580
1581
1583
1583
1584
1585
1588
1588
1589
1589
1589
1590
1590
1591
1592
1593
1595
1595
1597
1600
1601
1603
1603
1604
1607
1607
1607
1608
1608
1609
1609
1609
1613
1613
1613
1614
1615
1617
1622
1622
1623
1624
1627
1627
1629
1629
1637
1637
1638
1638
1639
1639
1644
1645
1646
1648
1650
1651
1652
1653
1653
1654
1658
1665
1671
1671
1673
1675
1681
1681
1683
1683
1684
1685
1686
1689
1690
1691
1692
1693
1695
1697
1698
1700
1701
1705
1707
1709
1709
1713
1714
1716
1716
1716
1720
1720
1724
1726
1728
1728
1732
1733
1733
1733
1733
1734
1737
1740
1741
1741
1747
1755
1756
1756
1758
1760
1760
1761
1762
1762
1764
1765
1768
1770
1772
1775
1775
1775
1776
1776
1777
1781
1782
1782
1783
1787
1788
1790
1790
1790
1794
1798
1799
1800
1803
1804
1805
1808
1808
1812
1812
1813
1813
1816
1816
1817
1817
1818
1818
1818
1818
1820
1821
1822
1825
1827
1827
1827
1830
1830
1836
1836
1839
1839
1840
1841
1844
1845
1845
1847
1853
1854
1854
1856
1858
1859
1859
1861
1862
1863
1864
1865
1866
1866
1866
1869
1871
1871
1872
1873
1884
1886
1888
1890
1890
1892
1892
1893
1894
1896
1896
1897
1901
1902
1903
1904
1904
1905
1905
1905
1905
1906
1909
1910
1911
1913
1913
1913
1914
1915
1915
1915
1916
1920
1921
1923
1924
1925
1926
1927
1930
1931
1932
1932
1933
1934
1935
1935
1937
1937
1937
1939
1941
1943
1943
1946
1952
1952
1954
1957
1958
1958
1958
1961
1963
1970
1971
1972
1975
1977
1979
1981
1982
1983
1984
1988
1989
1990
1992
1993
1995
1996
1997
1998
2002
2003
2004
2005
2005
2007
2007
2007
2007
2007
2008
2008
2008
2012
2013
2013
2013
2016
2016
2018
2022
2024
2026
2027
2028
2029
2029
2029
2030
2030
2030
2031
2031
2032
2034
2035
2036
2037
2039
2041
2042
2042
2044
2044
2045
2048
2049
2060
2061
2061
2064
2067
2069
2071
2072
2074
2077
2077
2079
2081
2081
2088
2089
2091
2094
2095
2097
2100
2100
2103
2103
2103
2106
2106
2107
2108
2109
2114
2116
2117
2124
2125
2125
2126
2130
2130
2131
2133
2133
2133
2137
2137
2140
2140
2140
2141
2141
2147
2149
2152
2156
2156
2158
2158
2163
2163
2164
2164
2166
2167
2169
2172
2174
2177
2179
2182
2186
2187
2187
2188
2191
2193
2193
2193
2197
2198
2198
2201
2201
2201
2202
2203
2205
2207
2211
2212
2213
2219
2220
2221
2222
2225
2226
2228
2230
2232
2234
2236
2238
2239
2240
2240
2242
2242
2245
2245
2245
2246
2247
2248
2249
2254
2255
2256
2259
2260
2261
2264
2264
2265
2267
2268
2268
2269
2270
2273
2275
2275
2280
2281
2281
2284
2284
2287
2288
2289
2292
2297
2297
2298
2299
2300
2300
2301
2305
2305
2306
2306
2309
2312
2312
2314
2314
2315
2317
2318
2319
2320
2321
2321
2322
2323
2326
2326
2330
2330
2330
2334
2334
2338
2338
2342
2343
2344
2345
2349
2351
2351
2352
2353
2354
2354
2360
2361
2361
2366
2366
2367
2369
2371
2372
2375
2377
2381
2383
2384
2388
2388
2388
2389
2392
2392
2392
2394
2394
2394
2396
2396
2398
2399
2400
2400
2401
2402
2402
2403
2403
2403
2406
2406
2406
2410
2416
2417
2418
2421
2422
2425
2425
2428
2433
2436
2436
2437
2437
2438
2440
2440
2440
2445
2446
2450
2451
2453
2454
2454
2456
2456
2457
2460
2461
2461
2466
2467
2470
2471
2477
2481
2481
2483
2485
2486
2487
2487
2491
2491
2491
2492
2494
2496
2506
2506
2507
2509
2510
2513
2515
2516
2519
2521
2524
2524
2529
2529
2530
2531
2531
2531
2532
2532
2537
2538
2541
2542
2547
2548
2555
2556
2557
2558
2562
2564
2566
2566
2567
2570
2571
2571
2574
2575
2575
2576
2577
2577
2578
2578
2579
2584
2588
2589
2589
2589
2590
2590
2592
2593
2593
2594
2595
2598
2600
2603
2606
2607
2610
2611
2611
2612
2613
2613
2620
2620
2623
2623
2623
2624
2625
2625
2633
2635
2637
2639
2639
2642
2642
2643
2644
2644
2647
2647
2648
2649
2651
2652
2652
2653
2654
2656
2656
2657
2659
2659
2662
2663
2666
2668
2670
2670
2671
2672
2674
2676
2677
2678
2679
2679
2680
2680
2681
2683
2684
2686
2690
2691
2692
2693
2693
2695
2699
2699
2701
2702
2702
2703
2704
2709
2710
2712
2713
2713
2717
2719
2723
2723
2724
2724
2728
2731
2733
2735
2736
2741
2741
2742
2742
2749
2749
2750
2753
2753
2755
2757
2759
2761
2761
2762
2762
2772
2774
2774
2776
2777
2779
2781
2787
2788
2790
2793
2794
2796
2796
2797
2800
2801
2803
2806
2807
2808
2809
2811
2813
2814
2814
2820
2822
2824
2824
2825
2827
2827
2831
2832
2833
2835
2838
2839
2841
2841
2845
2845
2847
2848
2849
2849
2851
2854
2857
2860
2860
2863
2864
2871
2872
2874
2876
2877
2878
2879
2879
2882
2882
2883
2883
2887
2888
2888
2891
2893
2895
2902
2903
2905
2909
2910
2911
2914
2920
2920
2920
2926
2926
2926
2928
2931
2932
2934
2937
2941
2941
2943
2947
2948
2950
2953
2953
2960
2962
2964
2964
2972
2973
2973
2974
2976
2977
2986
2987
2988
2991
3000
3003
3006
3008
3008
3008
3013
3014
3015
3015
3016
3016
3016
3018
3018
3020
3023
3023
3029
3029
3030
3032
3037
3038
3039
3040
3041
3041
3042
3042
3044
3045
3047
3047
3051
3052
3053
3055
3063
3066
3067
3075
3076
3076
3078
3080
3087
3088
3098
3099
3101
3101
3103
3103
3104
3108
3112
3113
3113
3114
3117
3117
3119
3121
3124
3130
3130
3133
3134
3135
3135
3138
3141
3141
3142
3144
3145
3145
3147
3148
3152
3156
3157
3159
3167
3169
3176
3177
3177
3178
3178
3178
3187
3187
3188
3188
3189
3191
3192
3197
3197
3208
3211
3214
3214
3215
3216
3217
3221
3221
3225
3226
3227
3229
3232
3236
3236
3237
3238
3239
3242
3249
3249
3250
3251
3251
3251
3256
3257
3258
3261
3261
3262
3265
3266
3268
3281
3284
3285
3286
3286
3287
3288
3290
3290
3291
3292
3300
3301
3302
3302
3303
3303
3305
3305
3306
3309
3310
3310
3310
3310
3313
3318
3319
3322
3322
3323
3325
3325
3327
3328
3330
3331
3333
3338
3344
3346
3347
3348
3348
3348
3351
3352
3353
3353
3355
3356
3359
3359
3361
3363
3373
3373
3376
3377
3377
3378
3379
3386
3388
3388
3390
3396
3397
3400
3402
3403
3403
3409
3410
3414
3418
3418
3419
3419
3420
3425
3426
3430
3431
3433
3437
3438
3439
3440
3442
3443
3446
3450
3451
3452
3452
3456
3456
3457
3457
3459
3467
3470
3470
3472
3474
3480
3481
3488
3491
3492
3495
3496
3501
3503
3506
3510
3516
3517
3520
3520
3522
3522
3524
3525
3529
3530
3532
3533
3536
3538
3538
3540
3541
3542
3543
3543
3544
3545
3548
3552
3555
3557
3557
3557
3559
3560
3560
3560
3563
3564
3564
3565
3565
3565
3568
3570
3574
3578
3578
3579
3581
3582
3585
3585
3586
3587
3592
3601
3604
3607
3608
3608
3608
3612
3612
3613
3617
3617
3620
3620
3621
3622
3628
3639
3640
3641
3643
3646
3646
3647
3648
3652
3654
3654
3654
3656
3660
3661
3664
3668
3668
3668
3671
3675
3680
3681
3682
3688
3690
3693
3697
3700
3700
3702
3703
3705
3706
3706
3707
3709
3710
3711
3712
3713
3716
3718
3720
3725
3726
3728
3729
3733
3733
3737
3738
3747
3748
3750
3754
3756
3757
3763
3764
3765
3767
3768
3770
3771
3776
3776
3779
3782
3782
3783
3786
3786
3787
3787
3788
3789
3790
3791
3793
3794
3795
3796
3796
3798
3799
3801
3803
3804
3814
3815
3816
3822
3824
3825
3825
3829
3830
3831
3835
3840
3842
3843
3851
3851
3851
3852
3856
3858
3858
3858
3859
3860
3860
3870
3873
3876
3878
3882
3886
3892
3893
3896
3900
3901
3902
3904
3904
3908
3909
3912
3912
3914
3915
3915
3916
3921
3921
3921
3925
3925
3929
3930
3940
3947
3948
3951
3959
3963
3966
3968
3970
3974
3976
3976
3981
3988
3989
3992
3994
3994
3994
3997
3999
4003
4005
4007
4008
4010
4015
4019
4021
4025
4027
4028
4030
4031
4032
4035
4037
4039
4041
4042
4042
4045
4046
4046
4046
4047
4048
4053
4056
4060
4061
4063
4065
4071
4072
4073
4074
4075
4075
4077
4078
4080
4088
4089
4094
4095
4101
4105
4106
4107
4108
4109
4110
4116
4116
4117
4118
4122
4124
4124
4125
4134
4137
4145
4147
4152
4156
4159
4162
4167
4168
4169
4171
4171
4179
4183
4185
4186
4188
4190
4194
4196
4200
4202
4203
4205
4210
4216
4216
4224
4225
4226
4227
4229
4230
4234
4235
4236
4239
4240
4249
4251
4251
4258
4258
4260
4263
4266
4266
4267
4268
4268
4275
4281
4281
4281
4284
4285
4286
4291
4295
4299
4306
4307
4307
4307
4311
4313
4317
4317
4319
4323
4324
4324
4328
4333
4334
4335
4335
4343
4344
4344
4348
4358
4361
4362
4363
4364
4367
4368
4374
4377
4379
4380
4384
4387
4388
4401
4404
4405
4407
4408
4411
4412
4412
4418
4421
4424
4426
4429
4430
4437
4438
4440
4445
4453
4454
4457
4459
4461
4465
4467
4471
4476
4476
4492
4496
4499
4501
4508
4511
4513
4517
4521
4523
4528
4530
4531
4534
4537
4539
4540
4540
4546
4547
4548
4557
4560
4563
4571
4573
4575
4575
4578
4579
4582
4583
4583
4584
4589
4590
4595
4596
4597
4599
4601
4605
4607
4608
4617
4617
4619
4620
4620
4621
4621
4622
4625
4625
4629
4631
4632
4634
4636
4638
4639
4643
4648
4657
4657
4660
4663
4665
4666
4666
4667
4668
4668
4669
4669
4677
4690
4694
4700
4700
4702
4705
4707
4709
4710
4714
4714
4717
4731
4736
4737
4738
4738
4740
4744
4746
4749
4753
4754
4756
4756
4757
4761
4770
4770
4771
4772
4774
4776
4780
4781
4789
4792
4792
4794
4797
4801
4801
4801
4808
4809
4812
4815
4817
4818
4822
4824
4824
4826
4828
4831
4831
4832
4835
4835
4836
4844
4849
4852
4852
4853
4855
4856
4867
4873
4874
4879
4880
4881
4882
4885
4888
4892
4899
4902
4902
4904
4905
4905
4913
4914
4914
4916
4917
4923
4925
4926
4935
4941
4945
4945
4948
4949
4951
4952
4953
4957
4966
4968
4973
4974
4980
4985
4988
4989
4990
4993
4993
4994
4998
5000
5002
5004
5007
5008
5010
5011
5015
5019
5020
5021
5021
5023
5025
5026
5026
5027
5031
5038
5044
5044
5050
5050
5054
5057
5060
5066
5069
5070
5072
5074
5075
5081
5084
5087
5089
5090
5094
5095
5096
5097
5099
5112
5114
5114
5116
5117
5123
5133
5133
5138
5139
5143
5146
5151
5154
5165
5173
5173
5173
5176
5184
5184
5186
5187
5188
5192
5195
5197
5205
5206
5206
5208
5214
5214
5215
5216
5225
5227
5229
5229
5230
5231
5234
5246
5247
5252
5253
5253
5254
5254
5255
5257
5262
5267
5268
5276
5279
5285
5287
5289
5295
5298
5299
5301
5302
5304
5305
5314
5321
5322
5326
5327
5328
5329
5331
5339
5339
5340
5343
5343
5346
5349
5351
5352
5358
5359
5361
5365
5366
5370
5378
5379
5380
5383
5391
5392
5395
5396
5397
5400
5402
5402
5406
5416
5418
5422
5424
5442
5444
5456
5464
5468
5468
5472
5482
5483
5485
5485
5487
5497
5497
5499
5499
5505
5508
5508
5521
5523
5525
5525
5527
5527
5529
5530
5532
5534
5537
5539
5545
5545
5545
5547
5551
5563
5567
5569
5572
5583
5583
5593
5597
5599
5599
5600
5600
5610
5615
5618
5623
5623
5631
5632
5635
5640
5640
5646
5648
5657
5658
5670
5673
5677
5681
5691
5693
5694
5697
5700
5704
5713
5717
5723
5727
5733
5737
5745
5747
5748
5751
5757
5757
5766
5766
5770
5772
5781
5784
5787
5791
5793
5796
5799
5800
5800
5802
5810
5815
5821
5829
5829
5839
5840
5849
5851
5861
5866
5870
5872
5875
5879
5904
5904
5907
5910
5925
5926
5929
5929
5941
5944
5947
5955
5968
5979
5981
5988
5994
5994
5999
6006
6015
6020
6035
6039
6043
6051
6057
6060
6066
6068
6071
6074
6084
6086
6088
6093
6095
6097
6099
6101
6107
6107
6112
6114
6116
6117
6118
6122
6123
6127
6128
6129
6135
6137
6140
6143
6158
6158
6161
6169
6179
6189
6191
6196
6207
6213
6214
6215
6226
6226
6228
6231
6231
6239
6240
6246
6249
6262
6265
6265
6270
6270
6275
6277
6288
6288
6290
6298
6299
6303
6306
6308
6309
6311
6317
6319
6324
6328
6332
6335
6346
6349
6351
6353
6362
6366
6368
6369
6376
6379
6382
6386
6388
6408
6415
6416
6416
6422
6422
6429
6438
6445
6451
6456
6459
6468
6469
6477
6477
6493
6494
6498
6498
6501
6502
6507
6510
6512
6513
6523
6524
6525
6531
6533
6542
6547
6556
6556
6560
6575
6586
6604
6612
6616
6618
6625
6626
6646
6658
6659
6666
6668
6674
6693
6700
6710
6712
6718
6719
6720
6732
6753
6754
6757
6762
6766
6771
6773
6775
6785
6791
6797
6822
6822
6825
6829
6835
6841
6863
6863
6868
6901
6902
6913
6918
6922
6939
6942
6958
6959
6962
6963
6963
6964
6972
6977
6981
6982
6989
7003
7025
7038
7072
7083
7096
7103
7107
7109
7130
7134
7137
7138
7147
7159
7162
7181
7189
7190
7190
7219
7237
7239
7240
7241
7263
7264
7267
7279
7306
7307
7323
7325
7339
7344
7364
7382
7389
7422
7423
7434
7471
7475
7509
7535
7553
7561
7564
7569
7569
7576
7594
7615
7617
7653
7658
7688
7690
7718
7721
7733
7760
7762
7786
7791
7797
7810
7816
7853
7888
7909
7936
7986
8028
8108
8153
8159
8296
8318
